p    Overhead(*1,5) Sequencial(*2) ((Sequencial/p)+Overhead)          Speedup        Eficiência    
16   3.00           15.00          3.94                               3.81           0.24           
16   4.50           30.00          6.38                               4.71           0.29           
16   6.75           60.00          10.50                              5.71           0.36           
16   10.12          120.00         17.62                              6.81           0.43           
16   15.19          240.00         30.19                              7.95           0.50           
16   22.78          480.00         52.78                              9.09           0.57           
16   34.17          960.00         94.17                              10.19          0.64           
16   51.26          1920.00        171.26                             11.21          0.70           
16   76.89          3840.00        316.89                             12.12          0.76           
16   115.33         7680.00        595.33                             12.90          0.81           
16   173.00         15360.00       1133.00                            13.56          0.85           
16   259.49         30720.00       2179.49                            14.10          0.88           
16   389.24         61440.00       4229.24                            14.53          0.91           
16   583.86         122880.00      8263.86                            14.87          0.93           
16   875.79         245760.00      16235.79                           15.14          0.95           
16   1313.68        491520.00      32033.68                           15.34          0.96           
16   1970.52        983040.00      63410.52                           15.50          0.97           
16   2955.78        1966080.00     125835.78                          15.62          0.98           
16   4433.68        3932160.00     250193.68                          15.72          0.98           
16   6650.51        7864320.00     498170.51                          15.79          0.99           
16   9975.77        15728640.00    993015.77                          15.84          0.99           
16   14963.66       31457280.00    1981043.66                         15.88          0.99           
16   22445.48       62914560.00    3954605.48                         15.91          0.99           
16   33668.22       125829120.00   7897988.22                         15.93          1.00           
16   50502.34       251658240.00   15779142.34                        15.95          1.00           
16   75753.50       503316480.00   31533033.50                        15.96          1.00           
16   113630.26      1006632960.00  63028190.26                        15.97          1.00           
16   170445.39      2013265920.00  125999565.39                       15.98          1.00           
16   255668.08      4026531840.00  251913908.08                       15.98          1.00           
16   383502.12      8053063680.00  503699982.12                       15.99          1.00           
